Designer.png
0001011
1150110001
2550101110
990101011
480101010
630100010
1990011110
2310011100
30010010
310001101
2270001100
2540001000
1140000111
1270000101
70000010
610000000
25211111110
20711111101
14211111100
5711111000
24511110110
10511110100
11311110011
111110001
15811110000
14011101110
2811101111
5611101100
10011101101
12211101011
4911101001
25011101000
15911100111
14311100110
9711100101
24911100011
7911100010
5011100000
23311011101
3511011110
15611011011
1511011001
11211011000
25311010111
16711010110
11011010100
19811010011
611010010
24411010000
3211001111
4211001110
8511001101
10111001100
14511001010
11611001000
23511000111
2411000110
7111000101
2911000011
24311000100
11111000010
22811000001
22011000000
7210111110
21110111101
410111100
3010111011
8310111010
24710111001
10310111000
2510110111
20010110110
3910110101
16910110100
7010110011
8210110010
21210110001
7310110000
8410101111
20610101110
22910101101
6010101100
21910101011
1410101010
10410101000
6510101001
5110100111
12610100110
17310100100
12510100101
16410100011
3610100010
24210100001
18410011111
12910100000
6210011101
6710011100
10910011110
14910011011
10610011010
19110011001
23710011000
21010010111
11710010110
9010010101
18510010100
25110010011
18310010010
14410010000
16510010001
21510001111
7410001110
9210001101
21410001011
22410001100
13110001010
5810001001
1210001000
4310000111
16310000110
14710000101
8610000100
13410000011
11810000010
8110000001
23901111111
23410000000
7801111110
20201111101
17501111100
23801111011
13801111010
20101111001
16601111000
13001110111
2101110110
11901110101
5901110100
13501110011
12301110010
6401110001
18901110000
24601101111
23001101101
12001101110
12101101100
15401101011
16801101010
17701101001
14101101000
21601100110
19201100111
9801100101
4101100001
5201100100
4601100000
18101011111
17201011110
10201011011
17401011010
17101011001
22301011000
14601010011
5501010010
17001010001
12801001111
10801001110
8701010000
2701001101
19301001100
20801001010
16001001011
1301001001
22101001000
18001000111
14801000110
16101000011
19501000010
5401000001
5301000000
15700111110
9100111111
24100111011
20500111010
8800110110
9600110111
18700110101
7600110100
24800110011
22200110010
200110001
800110000
23200101010
21800101011
9400101001
2000101000
1700100111
1900100110
18200100011
21300100010
20300100001
15200100000
20400011111
19700011110
8000011100
23600011101
15000010111
3300010110
1000010101
500010100
6600010011
24000010010
17800001101
10700001100
6900001001
900001000
7700000110
4700000111
19600000011
8900000010
40111111111
95111111110
225111110111
34111110110
226111110101
93111110011
153111110100
68111110010
133111101110
217111101111
44111101011
188111101010
45111100101
186111100100
26111010101
190111010100
176111001001
179111001000
23111000011
75111000010
209110111111
194110111110
37110111001
38110111000
11110110101
151110110100
155110101011
16110101010
137110100011
162110100010
22110010111
136110010011
124110010110
18110010010
139101111111
132101111110
