Img2.jpg
0 10010
40 10000
162 00010
138 00000
20 110100
69 110010
10 011000
81 010011
1 001101
128 1111100
61 1101010
2 1101110
160 1011110
80 1010101
255 0000100
42 0000101
154 11111110
53 11111011
214 11110111
74 11100010
86 11101000
171 11100111
57 11100001
63 11011011
173 11011111
210 11001111
41 11001101
174 11001110
185 11000111
107 11000011
82 11000000
105 11000010
3 11000001
91 10111011
219 10111110
149 10110100
181 10110110
43 10111010
71 10110010
5 10111111
36 10111000
83 10101111
233 10101110
87 10101101
85 10110001
167 10110000
218 10100111
170 10100110
97 10101000
156 10100001
90 10011111
209 10011110
15 10100000
77 10011100
127 10100010
250 10011101
70 10001110
165 10011000
212 10001111
164 10011011
183 10001100
196 10011001
226 10001011
234 10001010
52 01111111
211 01111110
21 01111101
73 01111100
158 01111011
143 10001000
215 10001001
109 01111010
64 01110110
237 01110011
220 01111000
254 01110100
7 01111001
213 01110101
140 01110111
31 01101100
150 01101010
240 01101111
88 01110000
115 01101011
60 01110001
106 01101110
243 01110010
110 01100101
84 01101000
248 01100110
72 01100100
62 01100111
163 01010100
168 01011101
199 01010011
235 01011100
197 01010010
113 01010110
169 01010001
151 01011011
126 01011001
51 01010111
8 01011110
202 01011000
175 01011010
184 01010101
245 01000101
187 01001001
102 01000100
103 01001010
207 01001011
45 01000110
178 01001000
180 01000111
101 01010000
145 01000010
119 00111110
191 00111101
182 00111100
225 00111000
179 00111011
177 00111111
201 01000001
232 00111010
198 01000000
89 00111001
136 01000011
66 00101100
122 00101111
117 00101010
244 00101001
206 00101011
79 00101101
114 00100111
104 00100100
246 00100101
58 00110000
146 00110010
99 00101000
17 00110001
116 00101110
28 00110011
67 00100000
54 00001100
195 00011110
93 00011000
32 00011011
161 00001101
48 00100011
34 00011111
200 00011001
252 00011101
46 00100001
227 00011010
247 00011100
148 00001111
152 00100010
221 00001110
205 111110101
44 111111111
230 111110100
94 111111000
222 111111010
166 111111001
100 111111011
147 111100111
11 111100011
251 111101100
49 111101101
231 111100110
55 111101000
35 111101011
30 111100100
118 111100001
217 111101001
229 111011111
157 111011110
68 111100010
216 111100000
172 111101010
186 111100101
242 111011001
19 111011010
241 111011000
24 111011100
56 111011011
112 111001000
75 111001010
249 111010100
121 111010011
23 111010111
38 111001011
189 111010110
78 111001001
108 111001101
14 111000111
33 111001100
141 111000110
228 111010010
130 111010101
27 110110000
159 110110001
16 110110010
239 110111100
120 110101100
253 110110100
26 110011001
188 110101111
37 110111101
223 110110011
155 111000001
238 111000000
131 110101110
29 110110101
4 110101101
25 110011000
123 110001100
50 110001001
65 110001011
22 110001010
176 110001101
98 110001000
135 101100111
59 101110011
134 101101111
95 101110010
204 101100110
129 101101110
193 101101010
39 101011001
47 101101011
132 101001000
133 101001010
208 101001011
203 101000110
124 101011000
12 101001001
224 101000111
125 101010011
6 101010010
190 100011011
236 100110101
192 100110100
137 100011010
194 011011011
92 010111111
153 011010010
76 011010011
111 011011010
9 010111110
142 001001101
96 001001100
144 1111111101
18 1111111100
139 1110111011
13 1110111010
